NSFTVID	Flowering_time_at_Arkansas	Flowering_time_at_Faridpur	Flowering_time_at_Aberdeen	FT_ratio_of_Arkansas_Aberdeen	FT_ratio_of_Faridpur_Aberdeen	Culm_habit	Flag_leaf_length	Flag_leaf_width	Panicle_number_per_plant	Plant_height	Panicle_length	Primary_panicle_branch_number	Seed_number_per_panicle	Florets_per_panicle	Panicle_fertility	Seed_length	Seed_width	Seed_volume	Seed_surface_area	Brown_rice_seed_length	Brown_rice_seed_width	Brown_rice_surface_area	Brown_rice_volume	Seed_length_width_ratio	Brown_rice_length_width_ratio	Straighthead_suseptability	Blast_resistance	Amylose_content	Alkali_spreading_value	Protein_content 
NSFTV_1	 75.083	 64	 81	0.927	0.790	4.000	28.375	1.283	3.068	110.917	20.482	 9.273	4.786	4.915	0.879	 8.064	3.685	2.587	3.914	5.795	3.114	3.511	7.737	2.188	1.861	4.833	8	15.613	6.083	 8.450
NSFTV_3	 89.500	 66	 83	1.078	0.795	7.500	39.008	1.000	4.052	143.500	26.833	 9.167	4.440	4.727	0.750	 7.705	2.951	2.111	3.659	5.604	2.566	3.287	5.105	2.611	2.183	7.832	4	23.260	5.639	 9.200
NSFTV_5	 87.500	 70	108	0.810	0.648	3.500	30.417	0.892	3.697	153.750	28.964	 6.364	4.524	4.731	0.813	 9.709	2.382	1.940	3.700	7.090	2.045	3.298	4.085	4.076	3.468	8.333	5	19.323	6.028	 9.600
NSFTV_6	 89.083	 73	101	0.882	0.723	6.000	36.908	1.750	2.857	148.333	30.917	11.167	5.539	5.676	0.871	 7.118	3.282	2.202	3.657	5.136	2.804	3.284	5.555	2.169	1.832	8.167	3	23.240	5.444	 8.500
NSFTV_9	 73.000	 75	 81	0.901	0.926	6.500	24.425	1.213	2.925	128.875	20.200	 7.875	4.620	4.739	0.887	 7.680	3.382	2.353	3.769	5.460	2.918	3.385	6.364	2.271	1.871	7.168	9	22.563	5.250	 9.900
NSFTV_23	103.444	 82	124	0.834	0.661	3.000	36.389	1.167	2.900	112.444	21.400	 9.167	4.653	4.958	0.737	 8.625	3.254	2.383	3.842	6.290	2.761	3.461	6.496	2.651	2.278	8.168	2	22.665	6.000	 8.850
NSFTV_25	 92.182	 75	108	0.854	0.694	1.909	35.750	1.300	3.139	132.125	21.467	 9.000	5.041	5.157	0.891	 8.752	3.103	2.333	3.832	6.511	2.641	3.456	6.158	2.821	2.466	8.330	5	20.437	6.500	 8.000
NSFTV_26	 92.333	 76	117	0.789	0.650	3.000	38.617	1.650	2.652	136.917	25.808	10.917	5.078	5.234	0.856	 9.636	3.230	2.512	3.972	7.164	2.741	3.594	7.364	2.983	2.614	8.167	2	17.390	5.083	 8.100
NSFTV_39	 95.167	 76	108	0.881	0.704	8.000	39.850	0.858	4.016	150.417	28.011	 8.222	4.472	4.692	0.802	 9.160	3.341	2.508	3.938	6.562	2.725	3.510	6.820	2.741	2.408	9.000	8	22.800	7.000	 8.450
NSFTV_40	 95.667	 46	133	0.719	0.346	2.500	33.092	1.600	2.970	114.750	27.736	 8.818	4.944	5.193	0.780	 8.222	3.757	2.641	3.951	5.898	3.119	3.527	7.851	2.189	1.891	6.168	4	 0.210	7.000	 8.700
NSFTV_43	 92.250	 71	 99	0.932	0.717	6.500	24.342	1.283	3.740	 98.667	25.900	10.091	5.029	5.182	0.858	 7.577	3.179	2.254	3.729	5.586	2.720	3.347	5.756	2.383	2.054	8.167	7	24.985	5.944	 8.350
NSFTV_44	 81.833	 64	 93	0.880	0.688	8.000	37.617	1.717	3.546	136.000	28.645	10.364	5.330	5.378	0.953	 8.413	2.639	1.988	3.644	6.219	2.239	3.261	4.360	3.188	2.778	6.668	5	24.237	3.208	 7.550
NSFTV_45	 81.750	 65	 94	0.870	0.691	3.000	25.817	0.892	3.359	141.167	28.850	 7.900	4.549	4.677	0.880	 9.447	2.909	2.295	3.857	7.033	2.467	3.471	5.871	3.248	2.850	7.667	5	19.205	5.111	 9.050
NSFTV_46	 95.583	 76	122	0.783	0.623	3.000	39.789	1.367	3.126	127.250	21.911	 9.444	4.704	4.904	0.819	 9.847	2.981	2.413	3.941	7.431	2.567	3.562	6.662	3.303	2.895	8.167	1	22.195	5.667	 8.500
NSFTV_51	102.600	 77	175	0.586	0.440	5.400	27.950	1.080	3.235	123.143	23.975	10.889	4.933	5.137	0.815	 7.365	3.495	2.383	3.767	5.287	3.019	3.389	6.632	2.108	1.751	5.833	8	18.780	6.958	 8.600
NSFTV_53	 91.000	 78	100	0.910	0.780	4.000	31.922	0.867	3.314	152.500	30.800	 8.875	4.767	4.920	0.858	 9.833	2.411	1.971	3.719	7.407	2.068	3.340	4.303	4.079	3.581	8.332	4	20.975	5.667	 8.750
NSFTV_55	 74.917	 66	 84	0.892	0.786	2.000	27.211	0.878	3.415	101.333	25.556	 5.556	4.021	4.260	0.788	 8.936	3.299	2.505	3.934	6.477	2.708	3.497	6.679	2.709	2.391	6.085	6	17.210	6.917	11.900
NSFTV_58	 91.250	 77	101	0.903	0.762	6.000	40.058	1.408	3.581	129.167	24.156	10.111	5.133	5.232	0.906	 7.915	3.305	2.342	3.782	5.704	2.788	3.376	6.059	2.395	2.045	8.168	7	26.320	4.472	 8.050
NSFTV_59	 82.167	 70	 96	0.856	0.729	5.000	22.833	1.700	2.464	136.556	21.778	11.222	5.011	5.167	0.856	 7.270	3.395	2.257	3.680	5.113	2.896	3.302	5.800	2.141	1.766	6.835	7	18.245	4.042	 9.100
NSFTV_60	 82.333	 68	 88	0.936	0.773	4.500	34.475	1.450	2.983	128.917	27.127	10.333	5.110	5.436	0.722	 7.840	3.309	2.332	3.769	5.668	2.768	3.363	5.916	2.369	2.048	5.500	8	18.275	5.208	 8.900
NSFTV_61	 89.250	 75	 93	0.960	0.806	8.000	33.067	0.950	4.016	142.417	26.164	 8.167	4.593	4.787	0.824	 7.921	3.034	2.199	3.717	5.664	2.562	3.299	5.173	2.611	2.211	7.498	4	25.355	5.750	 7.550
NSFTV_65	100.750	 80	114	0.884	0.702	3.000	41.183	1.625	2.996	129.583	25.092	10.000	4.887	5.059	0.841	 9.708	3.234	2.541	3.994	7.190	2.708	3.587	7.239	3.001	2.655	7.333	4	23.463	5.083	 8.000
NSFTV_69	 93.250	 76	 85	1.097	0.894	2.000	32.350	1.258	2.913	113.583	24.400	12.091	5.130	5.306	0.839	 9.304	2.845	2.253	3.826	6.876	2.406	3.418	5.436	3.270	2.857	7.502	1	20.090	4.980	 9.500
NSFTV_70	 90.500	 77	108	0.838	0.713	3.000	27.417	1.567	3.016	128.000	23.227	 9.545	4.759	4.973	0.807	 8.639	3.177	2.370	3.844	6.342	2.729	3.466	6.455	2.719	2.324	8.332	3	18.380	4.750	 8.100
NSFTV_72	108.167	 73	133	0.813	0.549	1.667	28.667	1.411	3.558	 90.667	25.150	11.333	5.262	5.375	0.892	 8.418	2.878	2.207	3.762	6.299	2.445	3.367	5.316	2.925	2.576	8.500	1	23.130	7.000	 8.500
NSFTV_73	 91.417	 78	106	0.862	0.736	3.500	35.358	1.442	2.983	102.917	23.408	11.667	4.794	5.011	0.805	 9.897	3.153	2.526	4.000	7.326	2.622	3.567	6.836	3.139	2.793	7.498	1	14.220	2.083	 8.700
NSFTV_79	 76.250	 77	 88	0.866	0.875	3.000	27.900	1.108	3.076	 91.167	24.718	12.091	5.040	5.150	0.896	 8.559	3.266	2.410	3.854	6.102	2.759	3.442	6.389	2.621	2.211	4.667	7	10.587	6.375	 7.300
NSFTV_81	 83.250	 77	 92	0.905	0.837	6.333	34.433	1.311	3.491	139.333	26.178	 7.625	4.926	5.013	0.916	 9.496	2.653	2.137	3.783	7.018	2.227	3.381	4.899	3.579	3.152	7.332	1	25.430	4.875	 8.400
NSFTV_83	 79.000	 67	 79	1.000	0.848	3.800	23.990	0.890	3.281	106.600	19.622	10.667	4.871	5.060	0.827	 6.939	3.411	2.257	3.668	4.857	2.894	3.250	5.503	2.034	1.678	5.498	4	11.603	6.375	 8.100
NSFTV_84	 89.167	110	101	0.883	1.089	4.000	33.550	1.667	2.319	132.583	30.967	 9.917	5.231	5.606	0.687	 7.857	3.367	2.334	3.764	5.433	2.842	3.355	6.032	2.333	1.912	6.668	4	20.385	5.250	 9.300
NSFTV_88	 91.889	 78	 96	0.957	0.813	4.500	33.200	1.492	3.099	137.000	26.317	 9.000	5.357	5.511	0.857	 7.250	2.967	2.017	3.574	5.249	2.521	3.189	4.516	2.444	2.082	8.835	4	24.600	5.889	 8.400
NSFTV_89	 90.917	 78	114	0.798	0.684	3.000	36.050	1.558	2.442	114.667	24.000	11.167	5.521	5.672	0.859	 6.795	3.185	2.115	3.592	4.929	2.742	3.215	5.048	2.133	1.798	8.332	1	22.220	6.083	 7.900
NSFTV_92	 91.600	 78	 98	0.935	0.796	2.000	35.233	1.700	2.539	123.444	23.833	11.111	5.034	5.176	0.868	 7.973	3.697	2.562	3.893	5.797	3.112	3.502	7.659	2.157	1.863	8.833	1	17.533	4.611	 8.750
NSFTV_93	 88.250	 72	 88	1.003	0.818	5.667	28.444	1.122	3.659	150.444	29.088	 9.750	4.639	4.865	0.797	 9.469	2.415	1.902	3.659	7.040	2.077	3.287	4.073	3.921	3.390	8.002	6	17.147	3.750	 9.150
NSFTV_94	 83.917	 74	161	0.521	0.460	4.500	29.208	0.917	3.720	 93.167	21.467	 9.667	4.680	4.900	0.803	 7.324	3.437	2.324	3.730	5.100	2.890	3.301	5.776	2.131	1.765	6.002	4	15.453	6.667	 7.500
NSFTV_97	 98.375	 78	108	0.911	0.722	6.000	42.813	1.063	4.030	140.500	28.763	10.750	4.951	5.289	0.714	 7.260	3.111	2.125	3.632	5.138	2.628	3.221	4.887	2.333	1.955	8.668	2	23.613	5.556	 7.700
NSFTV_98	 83.833	 79	 90	0.931	0.878	3.000	25.238	1.138	3.099	 83.889	22.671	11.571	4.893	5.043	0.861	 9.971	2.496	2.103	3.800	7.521	2.138	3.408	4.830	3.995	3.518	3.502	5	26.340	3.958	 8.200
NSFTV_99	 90.167	 80	108	0.835	0.741	3.000	33.200	1.542	2.922	134.333	26.709	 9.909	4.753	5.012	0.772	 9.583	3.158	2.492	3.962	7.114	2.706	3.579	7.211	3.035	2.629	7.665	2	22.495	5.139	 8.950
NSFTV_100	 84.111	 78	122	0.689	0.639	1.667	27.622	1.611	2.979	114.889	23.944	11.556	5.033	5.341	0.735	 8.138	3.383	2.441	3.851	5.944	2.893	3.468	6.899	2.406	2.055	6.502	3	10.603	6.958	 8.700
NSFTV_101	 86.167	 79	 88	0.979	0.898	3.000	27.625	1.450	2.818	 86.167	27.450	11.083	4.894	5.209	0.730	 9.632	2.644	2.122	3.779	7.147	2.252	3.389	4.920	3.642	3.174	3.332	8	20.513	6.000	 9.500
NSFTV_103	 84.000	 78	108	0.778	0.722	2.500	30.175	1.050	2.958	 95.083	24.133	 9.778	4.882	4.999	0.889	 7.528	3.535	2.404	3.784	5.299	3.048	3.391	6.670	2.130	1.738	5.335	4	16.977	6.917	 7.750
NSFTV_105	 80.500	 80	 81	0.994	0.988	6.333	31.833	1.533	3.728	131.111	24.963	 8.000	5.042	5.116	0.929	 7.614	2.794	1.972	3.580	5.705	2.397	3.229	4.470	2.725	2.380	8.085	4	24.643	4.833	 7.200
NSFTV_107	 81.417	 46	 74	1.100	0.622	4.000	28.642	1.267	3.012	114.250	23.200	10.273	4.522	4.953	0.650	 9.943	3.080	2.483	3.978	7.444	2.566	3.566	6.717	3.228	2.901	7.000	0	18.880	5.375	 9.000
NSFTV_108	102.167	 74	119	0.859	0.622	1.000	41.000	1.583	2.478	112.778	29.183	12.500	5.111	5.280	0.845	 9.037	3.418	2.543	3.952	6.582	2.872	3.552	7.376	2.644	2.292	8.668	1	22.680	6.000	 9.350
NSFTV_113	 59.000	 53	 49	1.204	1.082	4.636	29.318	0.845	3.326	 90.909	18.760	 7.100	4.475	4.636	0.852	 7.333	3.388	2.301	3.718	5.146	2.871	3.302	5.746	2.165	1.793	6.332	5	15.380	7.000	 8.450
NSFTV_114	 84.583	 80	122	0.693	0.656	2.500	37.600	1.625	3.029	108.833	26.642	12.667	5.166	5.642	0.621	 8.138	3.232	2.328	3.790	5.993	2.791	3.429	6.348	2.518	2.147	7.000	3	14.030	6.958	 9.100
NSFTV_117	 82.750	 77	 77	1.075	1.000	7.000	24.075	0.975	3.929	135.083	25.456	 9.556	4.794	4.881	0.917	 7.898	3.241	2.311	3.769	5.467	2.627	3.289	5.254	2.437	2.081	8.000	4	 0.453	7.000	 7.950
NSFTV_118	 73.333	 65	 85	0.863	0.765	3.667	25.667	1.178	3.178	106.889	18.050	 9.833	4.716	4.812	0.909	 7.854	3.730	2.589	3.901	5.592	3.103	3.467	7.347	2.106	1.802	6.333	9	12.577	7.000	 7.950
NSFTV_120	 92.917	 79	114	0.815	0.693	1.500	34.808	1.583	2.979	135.083	26.091	11.273	4.931	5.043	0.894	 9.167	3.157	2.425	3.906	6.785	2.635	3.499	6.441	2.904	2.575	7.833	1	19.570	5.792	 8.350
NSFTV_121	 84.167	 66	126	0.668	0.524	2.500	32.533	1.008	2.803	113.667	22.109	10.727	4.728	5.065	0.714	 7.505	3.709	2.499	3.830	5.364	3.105	3.421	7.009	2.023	1.727	6.000	4	15.283	6.500	 8.200
NSFTV_125	 92.750	 80	 88	1.054	0.909	7.000	41.422	1.189	3.801	153.083	29.489	10.667	4.987	5.148	0.852	 8.212	3.069	2.252	3.761	5.854	2.588	3.341	5.443	2.676	2.262	8.333	6	23.590	5.833	 7.400
NSFTV_131	 80.778	 68	 91	0.888	0.747	4.200	34.710	1.510	3.453	139.600	27.070	 9.800	5.134	5.280	0.864	 8.348	2.753	2.110	3.662	5.929	2.292	3.227	4.546	3.032	2.586	9.000	6	27.207	5.875	 7.050
NSFTV_134	 81.600	 66	 88	0.927	0.750	4.636	31.373	1.282	2.477	110.818	21.809	12.091	5.184	5.370	0.830	 8.646	3.962	2.793	4.052	6.210	3.297	3.621	9.051	2.182	1.884	4.668	5	15.033	6.250	 9.900
NSFTV_139	 89.600	 78	114	0.786	0.684	3.000	33.060	1.190	2.603	107.100	28.790	14.500	5.522	5.730	0.812	 9.048	2.339	1.833	3.609	6.867	1.962	3.209	3.568	3.868	3.500	8.332	9	21.580	4.833	 8.200
NSFTV_140	 82.455	 64	 88	0.937	0.727	1.545	30.155	1.373	3.114	 99.818	22.920	10.300	4.842	5.245	0.668	 8.251	3.134	2.295	3.785	5.967	2.610	3.364	5.577	2.632	2.286	5.835	6	12.633	6.542	 8.950
NSFTV_142	111.889	 97	165	0.678	0.588	9.000	36.967	1.089	3.885	194.333	29.711	10.667	4.907	5.073	0.847	 8.161	2.889	2.129	3.697	5.819	2.406	3.267	4.716	2.825	2.419	8.835	1	25.235	7.000	 8.800
NSFTV_147	106.800	 80	147	0.727	0.544	1.000	31.950	1.444	2.759	105.917	22.667	12.778	5.576	5.709	0.876	 7.852	2.399	1.735	3.489	6.036	2.020	3.112	3.344	3.273	2.988	6.498	3	22.470	6.625	 7.500
NSFTV_149	104.000	 79	129	0.806	0.612	2.000	36.800	1.558	2.921	140.667	31.211	13.222	5.371	5.484	0.893	 9.352	2.823	2.250	3.831	6.999	2.352	3.421	5.335	3.313	2.976	8.665	6	22.970	6.000	 8.000
NSFTV_152	 83.167	 64	 93	0.894	0.688	4.500	31.900	1.242	3.463	153.667	27.458	 8.167	4.941	5.044	0.902	 9.395	2.196	1.734	3.579	6.791	1.820	3.139	3.126	4.279	3.732	8.000	4	26.110	5.625	 9.100
NSFTV_153	 84.250	 78	 93	0.906	0.839	5.500	31.542	1.192	3.212	143.833	28.233	 7.583	4.775	4.885	0.895	 9.497	2.571	2.077	3.754	7.066	2.140	3.351	4.587	3.693	3.302	7.667	3	27.600	6.000	 8.100
NSFTV_154	 76.917	 64	 92	0.836	0.696	3.000	24.933	0.983	3.016	113.333	19.525	10.500	4.592	4.791	0.819	 8.568	3.483	2.507	3.896	6.308	2.938	3.507	7.157	2.460	2.147	5.835	8	18.215	5.000	10.050
NSFTV_156	 93.833	 80	107	0.877	0.748	4.000	33.292	1.308	3.792	 98.083	26.300	12.417	4.985	5.144	0.853	 7.389	3.116	2.189	3.683	5.419	2.678	3.306	5.450	2.372	2.023	8.332	1	24.230	7.000	 8.100
NSFTV_157	 88.000	 80	143	0.615	0.559	3.667	34.244	1.122	3.267	 98.222	23.671	10.857	4.952	5.157	0.814	 7.399	3.363	2.309	3.733	5.272	2.921	3.357	6.221	2.200	1.805	5.332	2	18.907	7.000	 8.000
NSFTV_163	102.750	 96	148	0.694	0.649	8.000	28.922	0.967	4.100	143.917	27.100	10.778	5.066	5.232	0.846	 7.761	2.610	1.890	3.559	5.686	2.224	3.166	3.926	2.973	2.557	7.585	1	26.717	6.833	 7.400
NSFTV_164	104.833	 72	133	0.788	0.541	3.667	29.878	1.756	2.737	110.833	25.033	13.167	5.368	5.480	0.894	 8.875	3.254	2.387	3.854	6.331	2.736	3.467	6.484	2.727	2.314	7.000	7	20.500	6.759	 7.200
NSFTV_166	104.083	 78	100	1.041	0.780	5.500	36.779	1.067	3.553	161.000	30.609	 9.091	4.953	5.258	0.737	 8.776	2.869	2.209	3.779	6.264	2.428	3.355	5.202	3.059	2.580	8.667	9	27.487	6.167	 8.600
NSFTV_168	101.083	 78	113	0.895	0.690	4.333	34.967	0.950	3.577	159.444	32.200	10.000	4.839	5.180	0.711	 8.783	3.093	2.358	3.853	6.390	2.642	3.460	6.277	2.840	2.419	8.835	9	27.957	6.444	 7.700
NSFTV_171	 70.667	 60	 76	0.930	0.789	5.000	22.092	1.175	3.757	 87.167	22.092	 9.333	5.008	5.158	0.861	 8.880	2.988	2.294	3.822	6.391	2.527	3.417	5.781	2.972	2.529	5.002	1	25.287	3.444	 7.800
NSFTV_174	101.083	 78	118	0.857	0.661	2.000	39.533	1.544	2.478	151.667	31.243	14.429	5.088	5.277	0.828	 9.854	2.850	2.321	3.898	7.430	2.388	3.491	5.782	3.458	3.111	8.833	2	22.840	6.250	 9.000
NSFTV_176	 98.857	 91	157	0.630	0.580	2.000	36.758	1.892	2.668	131.667	26.292	14.500	5.152	5.319	0.847	 9.099	3.699	2.564	3.955	6.761	2.507	3.441	5.791	2.460	2.697	7.500	6	22.505	6.458	 9.800
NSFTV_177	 76.000	 65	 76	1.000	0.855	4.333	24.289	1.167	3.595	 90.000	20.367	10.500	4.894	5.021	0.881	 7.960	3.238	2.337	3.787	5.823	2.701	3.379	5.912	2.458	2.156	4.832	8	13.390	6.625	 7.600
NSFTV_179	 71.833	 66	 70	1.026	0.943	5.500	20.725	0.817	3.586	 97.417	20.775	10.250	4.659	4.743	0.919	 7.487	3.567	2.453	3.810	5.375	3.008	3.404	6.722	2.099	1.787	5.332	9	21.430	6.875	 8.700
NSFTV_180	 79.417	 67	123	0.646	0.545	4.500	31.858	1.000	3.110	112.750	25.600	 9.333	4.820	5.013	0.825	 7.188	3.594	2.422	3.775	5.230	3.088	3.402	6.876	2.000	1.694	6.498	8	18.943	6.875	 8.000
NSFTV_183	 94.000	 76	118	0.797	0.644	3.000	34.078	1.700	2.752	122.444	22.867	11.556	5.140	5.253	0.893	 8.687	3.093	2.335	3.832	6.503	2.641	3.454	6.167	2.809	2.462	8.332	1	23.870	5.750	 7.600
NSFTV_184	 83.750	 66	141	0.594	0.468	5.500	35.500	1.133	2.609	117.833	23.578	11.333	4.900	5.059	0.853	 7.370	3.990	2.640	3.895	5.310	3.245	3.456	7.617	1.847	1.636	8.000	7	19.425	7.000	 8.800
NSFTV_185	 92.500	 73	105	0.881	0.695	3.000	32.183	1.442	2.922	127.417	22.267	10.000	4.805	4.972	0.847	 9.432	3.163	2.453	3.932	6.898	2.660	3.529	6.723	2.982	2.593	8.332	3	22.743	5.708	 7.750
NSFTV_186	 87.500	 79	144	0.608	0.549	4.000	38.817	1.050	3.099	107.083	26.782	10.545	5.036	5.241	0.815	 7.434	3.499	2.398	3.778	5.337	3.000	3.392	6.596	2.124	1.779	5.000	5	17.143	6.458	 7.100
NSFTV_187	 76.333	 77	 87	0.877	0.885	3.000	27.525	1.275	2.697	106.000	25.100	12.083	5.117	5.223	0.900	 9.691	2.468	2.005	3.727	7.310	2.083	3.329	4.262	3.926	3.509	6.002	7	20.080	6.958	 8.300
NSFTV_189	 79.750	 77	 82	0.973	0.939	4.500	22.392	1.117	3.644	141.667	19.522	 7.889	4.723	4.850	0.880	 7.458	3.306	2.289	3.727	5.250	2.760	3.302	5.594	2.256	1.902	8.498	2	23.360	5.875	 8.050
NSFTV_191	 82.750	 61	105	0.788	0.581	4.500	27.708	0.892	3.150	152.000	31.158	 7.833	4.506	4.644	0.871	 9.518	2.763	2.195	3.803	7.012	2.352	3.417	5.320	3.444	2.981	8.165	7	19.475	5.083	 9.400
NSFTV_193	101.500	 66	142	0.715	0.465	3.000	42.344	1.878	2.450	120.182	27.689	12.889	5.593	5.801	0.812	 8.908	3.274	2.424	3.883	6.434	2.714	3.471	6.422	2.721	2.371	7.335	1	22.180	5.792	 8.400
NSFTV_195	 92.000	 79	107	0.860	0.738	3.000	31.217	1.550	2.723	 95.500	23.822	10.778	4.743	4.985	0.785	10.295	3.690	2.855	4.178	7.246	2.940	3.665	8.473	2.790	2.465	7.000	1	16.860	3.583	 8.200
NSFTV_198	 84.750	 75	100	0.848	0.750	4.000	21.558	1.317	3.205	 90.833	23.133	 9.000	4.887	5.027	0.869	 9.717	2.708	2.205	3.829	7.291	2.295	3.435	5.266	3.588	3.177	5.668	2	22.413	5.556	 9.800
NSFTV_201	105.667	 67	132	0.801	0.508	2.000	35.889	1.589	2.457	111.250	25.900	10.889	4.955	5.072	0.889	 9.348	3.535	2.634	4.012	6.759	2.967	3.608	8.065	2.644	2.278	8.835	2	23.740	6.042	 9.150
NSFTV_205	 78.250	 66	100	0.783	0.660	2.000	29.417	1.342	2.862	115.333	23.842	 9.417	4.949	5.038	0.915	 9.477	3.619	2.725	4.067	7.018	3.037	3.667	8.740	2.619	2.311	6.000	7	15.133	6.000	10.050
NSFTV_208	112.900	 77	130	0.868	0.592	5.000	42.244	1.189	3.787	141.000	24.389	13.333	5.069	5.182	0.893	 8.000	2.720	1.999	3.623	5.966	2.368	3.267	4.617	2.941	2.519	8.667	2	22.730	7.000	 7.500
NSFTV_209	 84.500	 77	 82	1.030	0.939	5.667	25.278	1.089	3.553	 88.556	24.067	11.667	5.051	5.123	0.930	 7.454	3.157	2.226	3.702	5.456	2.683	3.317	5.536	2.361	2.033	7.335	1	24.977	5.583	 7.500
NSFTV_204	 76.750	 76	 87	0.882	0.874	5.000	25.056	1.078	3.114	112.667	19.067	 8.222	4.673	4.891	0.804	 9.622	3.947	2.872	4.140	6.872	3.188	3.694	9.431	2.438	2.155	3.833	8	16.340	6.142	 9.050
NSFTV_211	 70.083	 66	107	0.655	0.617	3.667	23.792	1.083	3.083	101.167	20.367	 7.500	4.508	4.602	0.911	 8.923	3.605	2.610	3.969	6.059	2.956	3.498	7.221	2.475	2.050	6.665	6	 0.063	6.958	 9.700
NSFTV_213	 82.500	 70	 92	0.897	0.761	2.500	33.367	1.433	2.730	120.083	23.475	10.917	5.121	5.335	0.808	 9.410	3.368	2.579	3.991	6.827	2.741	3.546	7.040	2.794	2.490	5.832	8	12.797	2.000	 8.000
NSFTV_215	103.083	 73	116	0.889	0.629	1.000	32.450	1.450	2.876	101.083	22.517	10.000	4.899	5.006	0.898	 8.765	3.502	2.580	3.954	6.449	2.915	3.540	7.393	2.503	2.212	7.665	6	22.905	5.542	 8.700
NSFTV_217	 79.500	 70	100	0.795	0.700	3.000	31.383	0.917	2.862	120.750	28.209	11.455	5.200	5.387	0.829	 9.369	2.563	2.061	3.738	7.035	2.133	3.332	4.436	3.656	3.298	5.667	9	13.680	6.375	 8.600
NSFTV_219	 56.250	 52	 49	1.148	1.061	4.000	23.483	0.983	3.390	 87.750	18.267	 6.667	4.205	4.448	0.784	 9.015	3.450	2.588	3.978	6.611	2.905	3.570	7.637	2.613	2.276	6.165	9	17.555	6.250	 8.550
NSFTV_220	 62.833	 65	 59	1.065	1.102	3.500	30.867	1.025	3.543	 95.250	19.856	 7.889	3.979	4.176	0.821	 8.008	3.502	2.467	3.844	5.780	2.996	3.463	7.076	2.287	1.929	6.502	6	18.827	7.000	10.700
NSFTV_221	 72.667	 60	 80	0.908	0.750	5.167	29.783	0.925	3.171	117.000	22.975	 6.500	4.558	4.684	0.881	 8.332	2.883	2.132	3.708	6.029	2.411	3.286	4.750	2.890	2.500	7.502	8	16.890	5.833	 8.450
NSFTV_222	 79.750	 65	 73	1.092	0.890	7.500	29.942	1.100	3.834	143.250	27.008	10.750	4.862	4.976	0.892	 8.061	3.027	2.211	3.732	5.793	2.510	3.303	5.090	2.663	2.308	8.668	9	20.255	5.333	 9.050
NSFTV_223	 86.083	 80	 76	1.133	1.053	4.500	28.883	1.375	2.872	121.167	22.227	 8.818	4.840	5.018	0.836	 9.932	3.145	2.518	3.995	7.263	2.618	3.553	6.721	3.158	2.774	7.665	1	17.715	5.000	 9.100
NSFTV_225	 77.250	 64	 80	0.966	0.800	3.500	31.467	1.308	3.083	103.083	22.833	10.778	5.192	5.279	0.917	 7.942	3.917	2.689	3.957	5.681	3.301	3.542	8.400	2.027	1.721	5.002	9	13.580	6.167	 8.750
NSFTV_226	 78.750	 67	 92	0.856	0.728	3.000	28.075	1.592	2.639	100.000	23.258	10.250	4.846	4.978	0.877	 9.859	3.683	2.782	4.113	6.945	2.962	3.632	8.253	2.677	2.344	6.332	1	12.813	3.000	 8.800
NSFTV_232	 66.667	 58	 68	0.980	0.853	2.500	25.142	1.058	3.373	 70.583	15.633	 9.833	4.657	4.726	0.933	 7.020	3.494	2.315	3.704	4.910	2.982	3.290	5.877	2.009	1.646	5.167	8	13.910	6.833	 7.850
NSFTV_233	 69.583	 66	 68	1.023	0.971	3.500	22.042	0.883	3.139	 81.917	18.083	 8.250	4.434	4.571	0.872	 7.281	3.320	2.260	3.698	5.136	2.819	3.281	5.532	2.193	1.822	4.835	9	13.460	7.000	 7.950
NSFTV_234	 75.250	 61	 76	0.990	0.803	7.500	20.967	1.100	4.124	 83.500	23.764	 8.273	4.691	4.766	0.928	 8.013	3.132	2.265	3.755	5.786	2.627	3.343	5.534	2.558	2.203	4.665	4	22.150	5.000	 8.550
NSFTV_235	 82.917	 67	 76	1.091	0.882	5.500	28.208	1.183	3.689	139.500	25.364	 8.545	4.725	4.856	0.878	 7.930	3.029	2.209	3.725	5.839	2.568	3.341	5.432	2.618	2.274	8.835	2	23.363	5.875	 8.100
NSFTV_236	 82.083	 76	 92	0.892	0.826	3.500	27.250	1.158	3.239	117.250	22.922	10.333	4.902	5.187	0.751	 7.324	3.177	2.184	3.662	5.030	2.651	3.206	4.850	2.305	1.897	6.833	8	 0.353	6.667	 8.350
NSFTV_237	 75.583	 66	 76	0.995	0.868	3.167	22.800	0.958	2.823	 95.000	23.333	 9.000	4.540	4.686	0.864	11.234	2.819	2.452	4.027	7.686	2.251	3.480	5.474	3.985	3.415	6.000	7	11.407	2.000	 9.600
NSFTV_240	 77.333	 77	 87	0.889	0.885	3.500	24.267	1.358	2.752	103.750	24.173	11.818	4.895	5.035	0.870	 9.197	3.588	2.649	4.009	6.557	2.970	3.583	7.889	2.563	2.208	5.998	1	12.580	3.667	 8.000
NSFTV_241	 92.250	 77	100	0.923	0.770	3.000	25.833	1.183	3.546	 98.778	24.800	10.000	4.954	5.164	0.811	 7.829	2.731	1.993	3.614	5.688	2.324	3.204	4.263	2.867	2.447	8.335	1	25.213	7.000	 8.150
NSFTV_242	 81.750	 52	 48	1.703	1.083	3.500	26.467	1.275	3.199	115.167	21.756	 9.111	4.994	5.085	0.913	 8.778	3.201	2.397	3.866	6.470	2.678	3.471	6.379	2.742	2.416	7.000	5	19.323	5.375	 8.250
NSFTV_243	 61.750	 76	 80	0.772	0.950	4.333	29.278	1.000	3.633	 86.333	20.717	 8.000	4.422	4.588	0.847	 9.919	3.147	2.521	3.997	7.271	2.598	3.562	6.780	3.151	2.799	6.998	9	19.970	5.375	 7.950
NSFTV_248	 77.500	 66	 54	1.435	1.222	5.000	29.333	1.158	2.833	119.583	22.245	 9.727	4.972	5.177	0.815	 8.567	3.647	2.606	3.953	6.275	2.996	3.526	7.435	2.349	2.095	4.835	8	14.780	6.792	 9.100
NSFTV_251	 87.750	 79	104	0.844	0.760	3.000	28.767	1.100	3.146	 90.000	24.392	10.250	4.860	5.128	0.765	 8.987	2.299	1.815	3.602	7.022	1.977	3.247	3.749	3.910	3.551	7.332	8	20.223	5.333	 8.900
NSFTV_252	 75.750	 78	 90	0.842	0.867	8.500	36.017	1.017	3.875	136.250	23.156	 7.111	4.519	4.736	0.805	10.342	2.684	2.227	3.869	7.234	2.259	3.432	5.236	3.853	3.203	6.500	4	25.270	5.750	 8.250
NSFTV_254	 78.167	 68	 73	1.071	0.932	8.500	35.825	1.183	3.771	125.083	28.000	 8.833	4.958	5.200	0.785	 8.548	3.047	2.284	3.798	6.302	2.567	3.409	5.780	2.805	2.455	7.500	1	25.923	5.500	 7.950
NSFTV_257	 66.833	 60	 68	0.983	0.882	3.000	27.627	0.982	3.071	 90.750	18.542	 8.167	4.491	4.737	0.782	 9.782	3.156	2.510	3.985	7.190	2.580	3.547	6.652	3.100	2.787	6.165	8	18.223	5.361	 9.600
NSFTV_261	 79.750	 67	 92	0.867	0.728	6.000	30.283	1.125	3.964	102.667	19.345	 6.636	4.289	4.377	0.916	 7.996	2.776	1.970	3.596	5.822	2.386	3.231	4.434	2.881	2.440	8.668	9	25.453	4.583	 8.400
NSFTV_264	 78.000	 66	 85	0.918	0.776	3.000	23.633	1.400	3.076	102.833	19.117	10.000	4.842	4.969	0.881	 9.504	3.585	2.737	4.081	6.996	2.960	3.648	8.414	2.651	2.364	4.832	8	14.363	6.542	 8.850
NSFTV_266	 70.750	 72	 76	0.931	0.947	2.167	21.175	0.992	2.881	110.167	21.133	 8.333	5.081	5.156	0.928	 7.543	3.598	2.437	3.800	5.199	3.032	3.378	6.568	2.097	1.715	4.167	8	14.025	6.542	 8.350
NSFTV_267	 77.167	 66	 87	0.887	0.759	5.000	19.283	0.592	3.507	 97.250	18.792	 9.667	4.472	4.576	0.901	 7.441	3.398	2.323	3.738	5.238	2.888	3.322	5.888	2.190	1.814	4.502	6	14.455	6.500	 8.700
NSFTV_268	 60.400	 65	 59	1.024	1.102	5.000	37.617	1.108	3.389	106.000	22.392	 7.917	4.369	4.537	0.846	 9.054	3.400	2.548	3.952	6.435	2.839	3.524	7.121	2.663	2.267	6.498	8	17.607	5.517	 8.650
NSFTV_271	 78.667	 63	100	0.787	0.630	5.000	28.433	1.100	2.627	114.250	24.025	10.667	4.871	5.111	0.786	10.170	3.718	2.872	4.184	7.572	3.095	3.766	9.861	2.736	2.447	4.998	9	14.657	6.333	10.150
NSFTV_272	108.083	 62	107	1.010	0.579	3.000	35.850	1.042	3.412	142.444	32.200	 7.091	4.051	4.651	0.549	12.549	2.941	2.669	4.198	8.784	2.454	3.699	7.395	4.267	3.579	7.502	6	25.550	7.000	10.150
NSFTV_273	 82.167	 78	113	0.727	0.690	3.000	29.808	1.217	2.813	130.833	23.873	10.273	4.886	5.095	0.811	 9.221	3.347	2.515	3.947	6.680	2.766	3.515	6.823	2.755	2.415	6.000	1	16.083	2.083	 9.500
NSFTV_275	 77.667	 65	 76	1.022	0.855	5.000	26.592	1.108	3.012	100.250	20.325	 9.833	4.405	4.523	0.889	 8.567	3.357	2.483	3.899	6.169	2.750	3.448	6.417	2.552	2.243	6.832	6	15.680	6.667	 8.500
NSFTV_277	 82.333	 67	138	0.597	0.486	3.000	25.311	1.511	3.076	101.100	17.833	10.778	4.922	5.189	0.766	 8.544	3.848	2.687	3.984	6.063	3.213	3.567	8.359	2.220	1.887	5.665	8	17.010	6.917	 9.050
NSFTV_279	 57.250	 57	 45	1.272	1.267	4.500	29.200	0.942	3.235	 90.917	16.950	 6.167	4.292	4.489	0.821	 8.293	3.400	2.470	3.875	6.118	2.856	3.474	6.806	2.439	2.142	5.998	2	19.267	6.500	11.150
NSFTV_282	 80.917	 78	113	0.716	0.690	3.000	21.425	1.467	3.008	 79.750	16.778	11.111	5.201	5.358	0.855	 7.652	3.864	2.599	3.890	5.451	3.092	3.431	7.036	1.981	1.763	6.167	8	15.397	6.750	 8.950
NSFTV_283	 77.583	 74	 80	0.970	0.925	4.500	28.142	1.167	3.072	 96.417	19.373	 9.727	4.831	5.095	0.768	 8.309	3.641	2.599	3.936	6.076	3.040	3.535	7.730	2.282	1.999	4.500	8	14.920	2.250	 9.600
NSFTV_285	 79.500	 67	 52	1.529	1.288	2.500	27.742	1.292	2.651	 93.167	22.511	 9.222	4.917	5.089	0.841	 9.680	2.972	2.361	3.900	7.148	2.528	3.499	6.150	3.257	2.828	6.002	1	20.300	5.083	 8.950
NSFTV_286	 86.000	 77	100	0.860	0.770	5.000	32.889	1.622	3.072	105.167	25.056	11.222	4.834	5.134	0.741	 9.432	3.401	2.621	4.017	6.958	2.857	3.604	7.784	2.773	2.436	8.502	1	13.963	3.792	 8.450
NSFTV_287	 54.500	 56	 54	1.009	1.037	5.667	29.358	1.258	3.063	 91.083	18.617	 6.417	4.221	4.429	0.812	 8.113	3.747	2.619	3.930	5.630	3.141	3.491	7.664	2.165	1.793	6.002	8	15.040	7.000	 8.000
NSFTV_288	 58.000	 54	 48	1.208	1.125	2.333	31.025	1.142	3.164	 89.333	19.033	 7.083	4.143	4.415	0.762	 8.895	3.360	2.515	3.933	6.473	2.774	3.501	6.801	2.647	2.334	6.167	7	20.240	7.000	11.000
NSFTV_289	 63.000	 56	 61	1.033	0.918	2.500	31.942	0.942	3.283	 98.083	20.000	 6.818	4.275	4.392	0.890	 8.752	3.531	2.589	3.957	6.325	2.925	3.526	7.337	2.479	2.162	5.167	7	17.773	6.792	 9.900
NSFTV_290	 74.750	 65	 80	0.934	0.813	4.500	27.992	1.008	3.748	 90.917	18.845	10.182	4.892	4.963	0.932	 7.165	3.456	2.314	3.712	5.046	2.966	3.319	6.056	2.073	1.701	4.000	9	15.117	6.750	 8.000
NSFTV_296	 79.750	 67	113	0.706	0.593	3.500	24.950	1.383	3.486	 97.083	19.464	 8.818	4.907	5.081	0.840	 8.318	3.730	2.597	3.928	6.031	3.086	3.526	7.703	2.230	1.955	4.165	8	15.530	7.000	 8.900
NSFTV_297	 82.833	 67	137	0.605	0.489	3.000	24.600	1.375	3.222	 99.917	18.145	10.636	4.894	5.276	0.683	 8.423	3.840	2.679	3.973	6.084	3.226	3.572	8.421	2.194	1.886	5.665	9	16.770	6.958	 9.350
NSFTV_300	 76.250	 67	 73	1.045	0.918	4.500	28.517	1.317	2.909	 99.750	21.211	10.333	5.046	5.204	0.854	 8.103	3.407	2.412	3.829	5.810	2.850	3.415	6.380	2.379	2.039	7.335	5	18.917	7.000	 8.000
NSFTV_301	 75.583	 60	 68	1.112	0.882	3.667	25.511	0.778	2.723	108.222	21.244	 9.444	4.835	5.010	0.839	 7.306	3.293	2.262	3.702	5.459	2.812	3.333	5.809	2.218	1.942	5.335	9	14.950	5.028	11.300
NSFTV_303	 81.750	 67	130	0.629	0.515	3.500	24.008	1.425	3.178	 98.417	17.558	10.083	4.969	5.245	0.759	 8.370	3.806	2.661	3.963	6.079	3.222	3.572	8.405	2.199	1.887	5.002	9	16.390	6.625	 8.350
NSFTV_305	 76.083	 67	113	0.673	0.593	4.000	26.150	1.233	3.128	123.250	23.011	 9.222	4.881	4.977	0.908	 9.647	3.530	2.711	4.074	7.270	2.936	3.668	8.439	2.733	2.476	6.835	9	13.720	5.500	 9.350
NSFTV_306	 59.500	 63	 59	1.008	1.068	3.500	22.983	0.858	3.393	 97.000	18.100	 7.556	4.250	4.492	0.785	 7.338	3.613	2.462	3.809	5.421	3.080	3.420	6.954	2.031	1.760	5.835	9	17.010	6.917	11.050
NSFTV_308	 90.917	 75	113	0.805	0.664	3.500	31.708	1.100	3.209	105.083	27.411	12.889	5.354	5.585	0.794	 8.681	2.436	1.858	3.598	6.672	2.138	3.265	4.108	3.564	3.121	8.332	4	20.407	4.000	 9.250
NSFTV_311	 80.500	 77	113	0.712	0.681	4.000	23.592	0.717	3.517	 94.667	20.613	10.625	4.729	4.930	0.818	 7.348	3.429	2.323	3.729	5.214	2.934	3.336	6.093	2.143	1.777	6.835	8	14.987	6.917	 7.650
NSFTV_313	 86.500	 76	 92	0.940	0.826	4.500	26.917	1.292	3.418	123.167	24.342	10.167	5.171	5.289	0.889	 9.053	2.508	1.993	3.692	6.746	2.121	3.309	4.373	3.609	3.180	6.998	2	24.215	5.292	 7.900
NSFTV_314	 81.167	 77	 97	0.837	0.794	6.500	40.000	1.525	3.699	130.667	24.367	 8.556	5.009	5.087	0.925	 8.393	2.756	2.022	3.655	6.034	2.352	3.257	4.496	3.045	2.566	7.498	4	24.927	5.778	 7.750
NSFTV_316	 83.417	 77	 76	1.098	1.013	7.500	36.825	1.500	3.344	135.500	26.850	10.000	5.422	5.470	0.953	 7.020	3.027	2.017	3.554	5.111	2.632	3.202	4.763	2.319	1.942	6.498	5	23.285	5.583	 8.200
NSFTV_321	 81.750	 78	 92	0.889	0.848	5.500	30.642	1.533	3.128	131.917	25.250	11.167	5.136	5.197	0.941	 7.325	2.835	1.963	3.556	5.321	2.416	3.172	4.283	2.584	2.202	7.000	6	25.233	5.528	 8.450
NSFTV_333	 62.583	 39	 52	1.204	0.750	4.091	26.736	0.845	3.784	 81.545	19.338	 7.875	4.451	4.640	0.828	 7.055	3.268	2.201	3.650	4.951	2.794	3.238	5.250	2.158	1.772	6.332	9	14.267	6.958	 7.150
NSFTV_334	 76.583	 69	 80	0.957	0.863	4.000	28.417	1.317	2.975	112.083	20.175	10.000	5.013	5.131	0.888	 9.118	3.808	2.762	4.062	6.717	3.113	3.644	8.761	2.394	2.158	4.335	9	17.600	5.528	 8.650
NSFTV_335	 81.500	 78	 80	1.019	0.975	2.500	24.267	1.017	3.674	 86.500	19.309	 8.364	4.564	4.743	0.837	 8.485	3.295	2.385	3.836	5.968	2.744	3.407	6.133	2.575	2.175	7.335	9	10.343	3.542	 8.800
NSFTV_341	 86.750	 77	100	0.868	0.770	5.000	36.942	1.425	3.442	132.000	24.444	 9.444	5.161	5.229	0.934	 9.104	2.675	2.068	3.720	6.417	2.300	3.317	4.723	3.404	2.790	8.502	5	25.453	6.583	 7.400
NSFTV_343	 75.667	 70	 80	0.946	0.875	4.500	30.450	1.200	2.975	118.583	22.417	11.455	4.949	5.120	0.843	 9.060	3.347	2.522	3.947	6.620	2.740	3.513	6.799	2.707	2.416	5.832	8	14.383	5.361	 8.550
NSFTV_344	 80.000	 71	 92	0.870	0.772	5.500	25.450	0.950	3.597	129.500	22.064	 8.000	4.361	4.648	0.751	 7.092	3.477	2.320	3.716	4.987	2.989	3.307	6.028	2.039	1.668	7.665	6	20.077	5.042	 8.100
NSFTV_346	 84.833	 77	 98	0.866	0.786	4.000	35.417	1.225	3.638	129.167	24.889	 8.444	5.042	5.133	0.913	 9.194	2.663	2.071	3.727	6.502	2.284	3.326	4.750	3.452	2.846	7.835	3	26.370	5.333	 8.800
NSFTV_347	 93.250	 78	107	0.871	0.729	3.000	35.333	1.525	3.087	139.583	24.655	 9.636	4.952	5.066	0.892	 9.335	3.172	2.447	3.924	6.873	2.664	3.523	6.679	2.943	2.580	8.165	8	21.617	5.875	 8.600
NSFTV_348	 73.000	 57	 68	1.074	0.838	7.500	25.675	1.108	3.816	123.917	23.875	 8.083	4.623	4.684	0.941	 8.028	3.172	2.295	3.771	5.763	2.641	3.345	5.576	2.531	2.182	6.335	3	23.980	5.000	 7.900
NSFTV_349	 93.750	 77	 92	1.019	0.837	8.000	28.108	1.300	3.852	124.083	22.163	10.875	5.154	5.246	0.912	 6.898	3.073	2.077	3.588	4.985	2.658	3.209	4.883	2.244	1.875	8.668	3	22.980	6.958	 7.600
NSFTV_350	 63.500	 80	 73	0.870	1.096	1.500	26.833	1.717	2.234	107.500	24.100	10.889	4.851	4.998	0.863	 8.773	3.362	2.478	3.901	6.254	2.788	3.477	6.684	2.609	2.244	4.667	3	17.063	4.875	10.800
NSFTV_355	 75.917	 69	 80	0.949	0.863	2.000	26.808	1.042	3.412	126.333	19.878	 8.000	4.881	4.958	0.926	 7.697	3.526	2.449	3.820	5.501	2.985	3.417	6.742	2.183	1.843	6.000	9	14.577	6.250	 8.700
NSFTV_356	 87.000	 68	 80	1.088	0.850	7.500	31.475	1.283	3.924	151.583	28.891	10.636	4.995	5.125	0.878	 7.946	2.971	2.173	3.707	5.687	2.502	3.284	4.974	2.674	2.273	8.665	4	23.503	5.417	 8.050
NSFTV_359	 82.417	 76	 92	0.896	0.826	6.333	31.267	1.644	3.499	131.083	26.613	 9.500	5.198	5.275	0.926	 8.216	2.557	1.841	3.554	5.877	2.186	3.149	3.733	3.213	2.688	7.165	7	25.243	4.958	 8.800
NSFTV_369	 75.750	 76	 79	0.959	0.962	7.500	25.492	0.925	4.075	119.500	19.509	 6.545	4.122	4.211	0.914	 9.051	2.673	2.077	3.720	6.626	2.278	3.339	4.786	3.386	2.908	7.915	6	24.853	5.000	 9.000
NSFTV_370	 84.333	 78	 91	0.927	0.857	6.500	31.375	1.250	3.353	130.750	24.192	 8.250	5.103	5.210	0.898	 7.939	2.833	1.991	3.604	5.597	2.447	3.205	4.392	2.802	2.287	8.498	3	26.035	5.000	 8.150
NSFTV_371	 83.000	 76	 99	0.838	0.768	7.000	40.758	1.525	3.353	133.917	27.058	10.167	5.171	5.273	0.903	 8.419	2.697	1.993	3.639	6.305	2.318	3.284	4.538	3.122	2.720	7.167	8	23.733	6.000	 8.100
NSFTV_372	 85.500	 74	 99	0.864	0.747	6.500	31.267	1.192	3.814	139.750	27.617	 8.000	4.870	4.936	0.937	 8.160	2.585	1.856	3.552	5.776	2.218	3.156	3.825	3.156	2.605	8.002	6	24.760	5.500	 8.300
NSFTV_377	 89.083	 78	109	0.817	0.716	3.000	31.792	1.550	2.944	119.667	23.717	11.333	4.864	5.027	0.850	 8.885	3.154	2.385	3.867	6.584	2.652	3.471	6.299	2.817	2.483	7.998	5	21.277	5.917	 8.800
NSFTV_384	 90.167	 67	106	0.851	0.632	2.000	35.942	1.542	2.886	128.083	24.211	10.556	4.912	5.180	0.765	 8.704	3.100	2.333	3.829	6.526	2.648	3.470	6.322	2.808	2.465	9.000	4	22.520	4.833	 9.250
NSFTV_386	 82.667	 77	104	0.795	0.740	2.000	33.500	1.408	2.979	113.083	24.108	10.500	5.290	5.513	0.800	 8.126	3.028	2.213	3.739	6.115	2.539	3.359	5.404	2.684	2.408	7.665	7	16.380	6.875	 7.700
NSFTV_391	 86.083	 78	112	0.769	0.696	3.500	27.242	1.167	2.813	101.667	26.038	10.875	4.817	5.219	0.668	 9.838	2.523	2.091	3.781	7.437	2.140	3.392	4.714	3.900	3.476	7.998	8	20.507	4.917	 9.000
NSFTV_392	 89.417	 74	112	0.798	0.661	3.000	35.983	1.608	3.121	121.833	24.918	11.091	4.775	5.236	0.631	 9.710	3.048	2.432	3.940	7.290	2.548	3.540	6.493	3.185	2.861	7.835	5	13.657	3.500	 9.700
NSFTV_394	 86.000	 78	105	0.819	0.743	2.333	27.525	1.158	3.143	118.333	22.422	 9.444	4.711	4.891	0.835	 9.441	3.289	2.558	3.986	7.059	2.690	3.566	7.085	2.871	2.624	7.165	6	14.880	3.361	 7.900
NSFTV_395	 90.583	 65	106	0.855	0.613	2.000	33.100	1.408	2.788	117.500	26.683	10.833	5.036	5.179	0.867	 8.986	3.296	2.499	3.930	6.728	2.778	3.545	7.158	2.726	2.422	7.750	1	21.310	5.500	 8.950
NSFTV_396	 84.667	 77	 99	0.855	0.778	3.000	22.508	1.175	2.936	 91.667	21.850	11.167	5.150	5.293	0.867	 9.007	2.547	2.015	3.700	6.971	2.202	3.349	4.638	3.536	3.166	7.168	6	25.020	5.292	 8.425
NSFTV_169	 85.750	 77	102	0.841	0.755	6.000	35.271	0.957	3.229	143.857	29.343	 8.714	3.853	4.699	0.429	10.568	3.488	2.792	4.168	7.684	2.737	3.660	7.875	3.030	2.807	6.333	6	 0.000	6.708	 9.700
NSFTV_172	 73.500	 66	 76	0.967	0.868	2.333	23.833	1.189	3.521	 86.000	22.650	 9.875	4.716	4.837	0.886	 7.877	3.259	2.331	3.779	5.638	2.744	3.366	5.937	2.417	2.054	3.833	1	22.530	5.792	10.500
NSFTV_247	 74.917	 65	 80	0.936	0.813	5.000	21.908	0.717	3.618	 97.250	22.975	 8.818	4.484	4.611	0.881	 7.955	3.603	2.513	3.868	5.628	3.019	3.447	7.013	2.208	1.865	5.835	9	15.463	6.583	 9.800
NSFTV_263	 73.250	 65	 76	0.964	0.855	4.833	27.333	1.225	2.931	108.167	19.945	11.727	5.084	5.186	0.903	 7.834	3.766	2.609	3.911	5.657	3.178	3.510	7.890	2.080	1.780	5.167	9	15.973	6.792	 8.250
NSFTV_265	 77.917	 78	 92	0.847	0.848	4.500	31.317	1.317	2.818	127.583	22.350	 9.375	4.947	5.076	0.879	 8.285	3.989	2.765	4.017	6.055	3.358	3.614	9.134	2.077	1.803	5.667	8	15.515	6.625	 9.850
NSFTV_281	 85.333	 70	 93	0.918	0.753	3.500	31.675	1.092	2.857	113.667	25.450	10.250	4.846	5.055	0.812	 9.468	3.343	2.552	3.980	7.268	2.753	3.618	7.631	2.832	2.640	6.835	9	15.833	5.667	 7.300
NSFTV_284	 81.000	 77	 85	0.953	0.906	5.500	26.558	1.183	3.820	104.000	26.425	 9.250	4.953	5.112	0.852	 9.569	2.581	2.085	3.756	6.753	2.216	3.349	4.755	3.708	3.048	5.832	1	24.367	5.944	 7.900
NSFTV_294	 85.667	 79	 96	0.892	0.823	7.000	27.267	1.167	3.326	107.250	24.150	10.167	5.048	5.305	0.773	 8.383	2.685	2.006	3.649	6.131	2.239	3.233	4.206	3.122	2.738	8.168	1	16.390	7.000	 6.500
NSFTV_295	 78.750	 76	 80	0.984	0.950	4.000	26.067	1.250	3.308	 99.750	19.717	 8.500	4.489	4.633	0.865	 7.925	3.797	2.610	3.912	5.645	3.197	3.502	7.845	2.087	1.766	6.667	8	12.903	7.000	 9.300
NSFTV_244	106.417	 80	117	0.910	0.684	5.000	42.089	1.289	3.252	100.500	30.600	12.857	4.968	5.480	0.600	 9.576	2.890	2.299	3.867	7.075	2.315	3.406	5.151	3.314	3.056	6.668	3	22.337	6.500	 8.500
NSFTV_135	 93.167	 78	101	0.922	0.772	3.000	35.167	1.617	2.708	 99.083	23.809	11.545	4.925	5.181	0.774	 9.054	3.230	2.454	3.913	6.736	2.737	3.529	6.882	2.804	2.461	7.498	1	19.615	5.625	 9.200
NSFTV_342	 90.250	 79	107	0.843	0.738	2.500	36.233	1.408	2.931	118.083	25.122	11.111	5.196	5.525	0.719	 8.110	3.014	2.182	3.721	5.860	2.474	3.307	5.092	2.691	2.369	7.668	5	16.383	7.000	 8.100
NSFTV_90	 82.583	 67	 81	1.020	0.827	8.500	27.300	1.150	3.827	127.167	25.664	 9.818	4.750	4.869	0.888	 7.898	3.239	2.310	3.769	5.426	2.633	3.282	5.210	2.438	2.060	8.168	3	 0.095	6.958	 8.150
NSFTV_167	 88.083	 71	 83	1.061	0.855	3.000	30.375	1.342	3.029	 90.333	26.817	11.250	4.604	5.216	0.542	 9.165	2.539	1.992	3.692	7.061	2.147	3.315	4.314	3.609	3.289	5.833	6	22.110	6.125	 8.900
NSFTV_253	 82.667	 78	100	0.827	0.780	3.667	23.867	1.333	2.996	110.889	20.217	11.833	4.816	5.062	0.782	 8.012	2.947	2.137	3.689	5.794	2.448	3.269	4.768	2.719	2.367	6.835	8	17.777	4.000	 8.300
NSFTV_239	 78.500	 76	 85	0.924	0.894	3.000	26.300	1.456	2.757	106.889	24.688	10.125	4.734	4.888	0.858	 9.001	3.558	2.625	3.990	6.498	2.937	3.564	7.666	2.530	2.212	4.833	1	13.540	3.208	 8.900
NSFTV_397	 88.250	 79	 86	1.026	0.919	3.000	29.125	1.158	2.680	 91.833	22.563	13.625	5.167	5.417	0.779	 9.162	2.443	1.957	3.679	7.110	2.103	3.312	4.240	3.750	3.380	2.667	1	22.622	5.806	 8.875
NSFTV_338	 79.667	 71	117	0.681	0.607	3.500	31.275	1.058	3.000	111.667	23.200	 9.636	4.863	5.000	0.871	 7.518	3.688	2.505	3.836	5.343	3.073	3.422	6.999	2.038	1.739	5.502	9	16.527	6.667	 8.150
NSFTV_249	 74.333	 62	 59	1.260	1.051	3.000	29.300	1.308	3.326	103.250	23.283	 8.167	4.556	4.967	0.662	 8.298	3.850	2.707	3.988	5.899	3.243	3.563	8.474	2.155	1.819	5.667	6	16.697	6.083	 9.150
NSFTV_307	 78.000	 66	 76	1.026	0.868	4.500	27.125	1.192	2.674	101.583	18.283	11.333	4.779	4.922	0.867	 7.767	3.790	2.580	3.882	5.558	3.283	3.520	8.220	2.049	1.693	5.332	9	15.407	7.000	 8.400
NSFTV_256	 62.750	 55	 54	1.162	1.019	4.000	27.883	1.008	3.463	100.667	18.113	 8.875	4.354	4.507	0.859	 8.172	3.530	2.520	3.892	5.999	2.970	3.489	7.193	2.315	2.020	7.002	9	18.430	6.708	 8.850
